2076
2044
1976
2006
2025
2069
2071
2013
1975
2122
2098
2098
2148
2030
2023
2144
2037
2063
2055
1951
2049
1930
1999
2015
2066
2052
2278
2025
2025
1959
2081
2072
2090
2045
2124
2089
2079
2026
1990
2010
2011
1976
2042
2015
1978
2109
2005
2081
1903
2075
2009
2128
2002
2102
2026
2051
1875
2095
2052
2060
2074
2020
2041
2031
1929
2038
2032
2081
2000
2011
2178
2019
2142
2077
2037
2006
1908
2071
2046
2061
2042
2060
2035
1975
2103
2080
2065
2140
1902
2056
1965
2097
2103
2046
2052
2007
2027
2143
2061
2017
2023
2018
2025
2069
2104
2062
2098
2044
1968
2105
2063
2107
2107
2028
1975
2113
2069
2062
2102
2101
2084
2038
2041
1978
2140
2096
1997
2121
2046
1941
1974
2005
2038
2078
2042
1994
2044
2120
1980
2013
2100
2088
1947
2018
1961
2024
1958
2026
2116
1969
2189
2078
2079
2055
2144
2075
2122
1989
2008
2073
2114
2155
2091
2073
2017
1979
2098
2131
2116
2036
2164
2052
2051
2105
2003
2108
2015
2068
2053
2047
2094
2085
2044
1992
2005
2082
2111
2258
1967
1964
2078
2037
1943
2104
2008
2005
2064
2010
2055
2112
2053
2077
2036
2148
2016
2182
2013
1961
2035
2103
2120
2068
1980
2119
2107
2047
2147
2030
2034
2019
2024
1978
2128
2060
2049
2088
2086
2115
2081
2007
1968
2022
2159
2141
2123
2073
2014
2017
2043
2061
2094
2138
2105
2105
2092
2063
1964
2180
2002
2007
2101
2059
2090
2040
2033
2134
2019
2023
1929
2118
2070
2119
2156
2020
1997
2041
2050
2063
1967
2067
2080
2053
2053
2016
1988
2119
2077
2099
2021
2096
2062
2010
2123
1985
2074
2006
2052
2023
2103
2122
2052
1876
2083
2019
2166
1986
1983
2019
2022
1973
2023
2016
2039
2046
2098
2052
1950
1950
2132
2080
1879
1948
2115
2035
2102
2053
1983
2047
1999
2083
2035
2097
2177
1987
2018
1977
1990
2063
2035
2043
1990
1969
2105
2053
2013
2003
2148
2113
2172
1934
2075
1917
1982
2059
2014
2085
1977
2030
2100
2074
2005
2004
1958
2096
2027
2023
2054
2036
2000
2016
1958
2058
2096
2031
2133
2121
2155
2078
2077
1985
2160
1992
2054
1996
2076
2020
2033
2032
2055
1980
2113
2053
2037
1968
2140
2079
2069
1956
2059
2006
2057
1992
2196
2100
2107
2246
2044
1964
2080
1972
2100
1938
1993
2107
2101
2064
2022
1992
2067
1968
2010
2132
2080
1994
1996
1988
2081
2040
1967
1939
2034
2125
2056
2104
2006
2131
2069
1959
1954
2067
2160
2073
2114
2062
2099
2055
2050
2038
1998
2078
2029
2014
2102
2110
1954
1988
2038
2073
1987
2144
2110
2170
2004
2035
2076
2092
2095
2129
2063
2002
2016
2019
2061
2112
1993
2066
2024
2056
2094
2098
1995
1985
2090
2025
2002
1959
2079
1959
2043
2114
2044
2019
2159
2040
2045
2116
1980
2066
2044
2021
2028
2078
2063
2076
2067
2068
2006
2020
2094
2011
2121
2028
2012
2168
2121
2028
1944
2037
2032
2130
1984
2030
1906
2064
2062
2115
2114
2024
2062
2113
2090
2067
2008
2000
2072
2020
2030
2105
2052
1986
2212
2045
1946
2041
2080
2055
1996
1976
2089
2036
2061
2138
2104
1957
1998
2101
2124
2096
2072
1909
1987
2095
2171
2133
2162
2110
2146
2029
2059
1985
2004
2018
2100
2096
2047
1988
2043
2104
2046
2059
2041
2034
2027
2045
2006
1997
2020
2031
2020
2069
1998
2097
2039
2060
1992
2009
2019
2062
2070
2031
2007
2029
2042
2074
2012
2028
2146
2058
2111
2007
1999
1988
1954
2079
2166
2010
2088
2141
2059
2104
1979
2087
2084
2038
2009
2001
2177
2130
2142
2077
1975
2124
2076
2030
2043
2074
2058
2008
2069
2082
2026
1967
1981
2016
1960
2080
2093
2074
2026
2067
2108
2087
2039
2049
2011
2005
1953
1995
2036
2063
2067
2057
2042
2026
2007
2071
2140
2032
1930
2108
2167
1964
1945
2051
2024
2077
2002
2129
2227
2135
2121
2024
2053
1855
1925
1985
2009
2051
1990
2049
2097
2072
2079
2125
2034
2093
2112
2093
2074
2065
2126
2157
2059
2023
2081
2088
2025
2019
1999
1968
2089
2051
2110
2069
1970
1972
2112
2149
2074
1928
2031
2016
2051
2048
2106
2080
2061
1999
2005
2109
1936
2043
2037
1871
2018
2095
2047
1886
2057
2207
1971
2010
1913
2029
2007
2023
1912
2150
2057
2136
2105
2079
2074
2152
2066
2077
2052
2156
2095
2011
2040
2224
2086
2051
2070
2009
2076
2027
2054
2058
2091
1964
1969
2114
1978
2041
2163
2041
1966
2112
2050
1991
2047
1981
2028
2060
2092
2018
2095
1984
2034
2091
2090
2130
2010
1988
2058
2042
1986
2067
2089
2050
2063
2004
2043
1884
2025
2076
1978
2015
2030
1940
2118
1989
2070
2030
2076
2056
2043
2100
2008
1981
2130
2002
2035
2008
1972
1969
2019
2046
2019
1992
2211
1932
2129
2054
2114
2021
2022
2007
2018
1933
2067
2068
2011
2151
1948
2077
2049
2011
2071
1983
2084
2108
2032
2041
2079
2112
2128
2043
2089
1943
2052
2081
2077
2150
2097
2004
2215
2037
2109
2061
2129
2065
2260
1960
2161
2094
2070
2087
2067
2062
2030
1968
2065
2054
2104
2056
2065
2139
2066
2063
2057
1972
2076
2024
2020
1989
2046
2002
2097
2088
2042
1999
2072
1922
2058
2110
2123
2097
2073
1982
1963
2067
1964
2059
2051
2060
2081
2026
2002
2050
2023
2089
2051
2079
2038
2038
2027
2080
2072
2169
2103
2136
2042
2058
2033
2027
2030
1960
2043
2127
2089
1966
2050
2159
2212
2073
1903
1927
1961
1983
2058
2073
2051
2094
2086
2009
2020
2027
2142
2026
1999
1962
2088
2063
2032
2081
1992
2099
2147
2028
2035
2155
2033
2053
2080
2001
2007
2026
1986
1989
2071
2006
1951
2224
1954
2151
2011
1955
1913
2101
2135
2119
2071
2120
2037
2078
2089
2034
2138
2005
2118
2109
2127
2070
2008
1957
1910
2089
2087
2040
2007
1936
2019
1993
2066
1975
2119
2135
2108
2057
2034
1989
2085
2196
1940
1961
2112
1958
2009
2161
1985
2165
2019
2048
2183
2023
1915
2163
2095
2107
2066
2093
2124
2094
2074
2120
2038
2002
2136
1958
2038
2050
2016
2069
1997
2112
2061
2103
2144
1994
2032
2040
2057
1958
1994
2049
2010
1982
2013
1913
2102
1989
2019
1996
2074
2035
2074
2080
1949
1978
2070
2097
1984
2017
2055
2062
2018
2050
1909
1916
2040
2133
2092
2042
2051
1970
2067
2020
2107
2052
1961
2044
2058
2032
2115
2072
2002
2037
2001
1999
2091
2118
1996
2059
2013
1939
2054
1935
1999
1926
2037
1986
2109
2092
1991
2019
2104
2123
2157
2140
2017
2117
2022
1978
2058
2047
1963
2196
1980
1933
2011
2041
2042
2059
2092
2046
2007
2059
2037
2028
2047
2112
2081
2162
2070
2123
2084
2044
2098
2027
2107
2020
2020
2081
1969
2127
2032
1932
1980
2044
2084
2070
1925
1998
2055
1983
1998
2028
2093
2015
2109
2044
2044
2087
2041
2034
2009
2023
2035
2110
1982
1962
2045
2035
2082
2008
1974
2088
2119
2018
2110
2111
2020
2085
1929
2000
2100
2136
2069
1961
2147
2065
2061
2231
2027
1987
2039
2079
2210
2030
1948
2021
1952
2167
1988
2070
1974
2085
1937
2061
2012
1926
1986
2008
1975
2063
2057
2000
2003
2023
2002
2132
2059
2087
2036
2108
2092
2023
2121
2234
2055
2089
2010
2050
2134
1951
2004
2104
2130
2039
2026
2117
2090
2103
2072
2013
1972
2022
2056
2015
2048
2032
2075
2020
2100
1982
2156
1980
1997
2010
2118
2041
2051
2071
2050
2078
2088
2052
2140
2025
2002
2117
2098
2035
1973
2040
2080
2094
2081
1934
2123
1957
2068
2059
2016
2063
2096
1896
2046
1956
2006
2039
2113
2065
2054
2021
1998
1985
2081
2100
2022
1922
2041
2012
2082
2158
2081
2072
1998
1965
2099
2045
2030
1974
1973
2035
1986
2053
2005
2059
2070
2075
2081
2082
2064
2088
2020
2177
2131
1980
2062
2034
1962
2046
1997
2019
2061
1957
1967
1948
1990
2047
2089
2125
1948
1918
2122
2104
2111
2063
2028
2092
2094
2058
2025
2064
1984
2009
2024
2080
2026
2021
2091
2084
2096
2114
2073
2069
2118
1902
2093
2075
2048
1988
2166
2031
1931
2106
2081
2030
2016
2045
2022
2028
2120
2063
2034
2088
2079
2066
2078
2101
2076
2090
2102
2041
2041
2062
2044
2066
1957
2098
2067
2150
2026
1992
2094
1957
2084
2071
2096
2030
2066
1981
2037
2049
1966
2003
2013
2018
1975
1980
2112
2081
2025
2131
2054
1991
1969
2132
2044
1984
2086
2041
1988
1977
2055
2035
2029
2120
2087
1994
2002
2006
2053
2143
2072
2041
2054
2120
2159
2011
2014
2063
2096
1994
2084
2042
2078
2072
1996
2074
2174
1976
2075
1950
2038
2079
1993
2059
2051
2164
2082
2055
2104
2072
1992
2061
1969
2088
2010
1991
2069
2086
2007
1949
2104
2034
2078
2156
2065
2027
2097
2087
2093
2026
2069
2016
2116
1978
2040
2001
1948
2036
2041
2004
2071
2160
2036
2140
1995
2010
1975
2030
2154
2090
2129
2001
1970
2186
2001
2011
2047
1991
2029
2092
2117
2027
2011
2046
1985
2039
2082
2110
2129
2060
2116
1885
2059
2083
2072
1904
2099
2026
2161
1915
1984
1957
2122
2070
1975
2051
1999
2045
2036
2192
2097
1993
2102
2046
1958
2037
2114
2002
1918
2021
2072
1987
2042
1995
1989
1924
2102
2043
2039
2078
2084
2014
1966
1998
2040
2145
1979
2095
2111
2021
2016
1977
2071
2022
1971
2127
2037
1902
2043
2179
2066
2114
2040
2047
2047
2055
2081
2083
2016
2053
2071
1992
2052
2147
2032
2025
2078
2095
1972
2075
1931
1948
2062
2095
1983
1941
1946
2061
2126
2021
2054
2070
2007
2024
2080
2128
2078
2064
2026
2050
2100
2143
2128
1838
2081
2035
1977
2107
1997
2033
2076
2061
2030
2072
2135
1922
2017
2129
2129
1884
2096
2085
2021
2084
2013
2118
2034
2077
2091
1926
1905
2180
1966
2160
2114
1908
2080
1970
2065
2148
2067
1995
2051
2059
2038
2035
2119
2085
2093
2139
2113
2038
2057
2070
2084
2079
2085
2098
1974
2083
2070
1957
2135
2124
2151
2001
2071
2102
2023
2116
2053
1994
2106
2108
1984
2022
2051
2068
1990
2065
1971
2028
2055
2112
1950
2013
1911
1971
2182
2125
2115
2072
2014
2072
2239
1993
2087
2098
2118
2042
1968
1996
2063
2083
2073
2059
1972
2010
2051
2009
2083
2124
1966
2081
1998
2015
2101
1995
2006
1963
2121
2054
2013
2025
2049
2038
2057
1927
2092
1997
2061
2144
2049
1954
2123
1933
1942
2126
2006
2083
2029
2078
2119
1996
1975
2069
2142
1959
2080
2083
2106
2157
1897
2016
1971
2130
2100
1978
1987
2048
2156
1992
1993
2012
2078
2037
2064
2045
1998
2139
2040
2112
2089
1978
2002
2062
2066
1990
1961
2058
2070
2116
2117
1945
2024
2241
2071
2044
2056
2063
1971
2063
2049
1985
1997
2130
2107
2096
2101
1977
2054
2073
2125
2010
2032
2010
2150
2110
2060
2177
1986
2081
2033
2029
2037
2166
1981
1946
1971
2151
1998
2046
1994
2064
1890
1980
2011
2173
1988
2032
2032
2020
2100
2053
1967
2026
2035
2028
2011
2118
2047
1995
2072
2019
2026
2046
2028
2018
2139
2096
2037
2193
2056
2021
2168
2087
1963
2076
1974
2045
2034
2039
2061
1965
2074
2092
2101
2006
2216
2095
2020
2066
2065
1957
2068
2038
2059
2160
2034
1962
2108
2037
2041
2039
2038
2052
2025
2077
2023
2029
2016
2091
2021
2130
1888
2043
2036
2042
2100
2044
2037
2161
1927
2090
2143
1986
2089
1968
2162
1942
2072
2104
2033
2038
2026
2007
2157
2074
2003
2090
2093
2062
2048
2039
2044
2069
2076
2123
1969
2024
2080
1983
2029
2013
2002
2144
2110
1953
2081
1913
2129
2194
2039
2012
2105
2119
1972
2039
2113
2118
2055
2086
2031
2116
2072
2087
2099
1960
2084
2147
2123
2042
2030
1985
2056
2126
2014
2070
2026
1958
2055
2125
2106
2128
2127
2028
2117
2115
2106
1897
2086
2095
2052
2037
2057
2184
2097
2051
2206
2049
2025
2064
1913
2020
2095
1979
2057
2054
2069
1963

