230
266
247
255
263
231
224
249
266
245
260
259
242
256
250
246
244
247
253
251
225
279
252
246
244
250
247
249
236
249
272
235
247
245
255
225
231
256
252
260
260
266
233
254
250
241
245
261
261
242
262
251
265
235
271
239
244
261
260
251
239
244
251
236
235
264
212
245
235
240
235
243
250
247
228
236
234
258
264
250
234
260
248
250
254
238
252
245
257
255
271
269
254
248
242
260
251
255
242
258
236
265
241
238
274
254
240
257
254
261
277
243
240
255
239
244
268
259
260
243
242
234
253
255
254
252
253
247
241
278
244
247
243
265
237
260
265
250
234
247
244
242
243
262
251
270
258
246
256
249
254
231
249
249
267
243
253
268
239
241
242
251
244
240
216
237
241
244
249
252
241
250
274
262
253
238
243
256
256
256
247
244
254
220
238
232
249
226
245
241
262
226
244
250
255
259
245
264
242
288
246
258
222
252
246
237
267
249
236
279
256
261
257
276
243
222
254
243
253
260
264
256
253
234
242
250
267
240
252
267
248
230
238
236
240
252
252
255
258
253
237
247
260
234
251
247
233
250
241
265
231
250
265
236
277
262
247
271
231
260
258
260
254
252
275
288
254
224
224
252
255
260
268
254
230
246
255
254
241
262
234
250
251
271
267
230
244
249
256
245
217
250
244
260
248
267
262
253
241
248
270
248
256
251
250
248
262
249
244
254
253
250
253
213
241
218
271
256
249
240
242
264
239
230
245
268
232
240
249
255
248
255
267
272
246
224
238
263
248
239
235
236
230
241
249
254
211
252
237
256
242
219
245
240
254
235
254
255
224
230
265
257
233
255
237
256
251
253
256
251
257
260
255
245
258
273
258
255
261
267
239
226
232
258
235
250
241
263
253
237
254
260
249
252
242
222
231
254
262
262
247
248
267
240
261
252
262
283
246
267
274
245
237
228
256
237
229
249
228
221
265
243
261
252
248
237
253
249
249
246
223
228
264
240
230
271
263
255
237
247
256
242
237
259
232
254
251
216
283
223
249
256
256
259
248
236
266
242
241
264
236
258
238
230
259
248
265
266
247
228
268
245
244
239
264
248
250
231
258
236
228
236
251
245
238
258
247
264
273
245
266
241
233
249
246
266
263
273
248
247
238
255
242
256
248
258
278
235
226
227
256
234
235
239
240
252
251
249
256
212
225
258
243
248
258
260
256
274
246
234
243
286
244
252
246
248
242
258
240
249
248
255
281
234
245
255
228
282
255
265
251
239
251
256
253
254
275
241
250
245
267
233
253
277
272
243
239
258
289
276
241
230
248
232
250
241
270
253
242
225
245
263
244
235
264
247
227
233
234
269
233
246
266
248
233
227
255
240
245
253
231
232
230
227
240
241
259
263
262
260
263
235
272
260
223
255
272
249
243
258
259
235
255
227
230
257
246
261
269
266
247
256
238
253
278
245
240
248
258
243
264
253
255
251
247
252
234
240
261
243
267
249
268
227
234
261
242
263
278
251
244
233
246
245
245
240
261
258
244
265
224
266
257
252
264
247
277
269
236
254
249
250
236
272
264
260
254
226
263
228
259
253
246
248
257
236
236
249
246
225
241
254
241
234
251
241
236
242
247
254
248
251
242
226
263
246
249
265
268
255
238
243
271
235
233
254
258
239
237
271
245
256
233
237
241
222
229
250
276
258
233
246
264
239
255
228
241
226
252
239
241
249
267
242
248
266
255
260
252
253
267
256
267
257
268
266
260
245
253
244
257
249
212
261
240
269
241
256
235
231
255
239
281
245
238
236
242
257
219
241
259
249
270
239
258
264
262
258
247
256
242
271
259
252
251
230
220
253
260
255
240
243
263
267
254
208
262
234
240
206
230
239
237
252
241
246
248
285
263
260
250
258
244
263
247
265
243
255
264
251
234
245
243
260
251
247
264
252
258
242
255
233
236
262
259
236
245
248
252
269
239
265
245
240
255
264
244
249
250
276
275
237
258
250
270
270
258
254
236
263
262
264
253
255
242
247
252
225
263
285
280
260
227
246
254
252
240
243
214
245
252
238
262
243
263
245
233
233
267
240
240
240
229
263
262
221
254
239
236
234
252
272
234
248
248
273
230
245
238
250
259
237
254
251
255
245
265
263
245
246
251
244
259
233
260
292
253
272
256
237
275
249
221
236
245
246
251
249
256
240
256
244
247
258
251
237
242
271
237
248
241
259
212
251
273
256
265
268
268
237
235
252
244
275
246
237
232
261
249
255
259
264
269
238
242
236
253
245
270
262

